      0/99     7.11G   0.05686    0.0118   0.03697    0.1056        40       640    0.7464    0.1192   0.05724   0.02416    0.0744   0.01109   0.03634
      1/99     8.44G   0.04983   0.01002   0.02776   0.08761        46       640    0.6123    0.1744    0.1211   0.04157   0.07399    0.0102   0.03322
      2/99     8.44G   0.05099  0.009848   0.02661   0.08745        43       640    0.4934    0.1218   0.07251   0.02744   0.08198   0.01067   0.03353
      3/99     8.44G    0.0517  0.009926   0.02643   0.08805        28       640    0.4692     0.221    0.1432   0.05026   0.07202   0.01093   0.03232
      4/99     8.44G   0.04945   0.01007   0.02314   0.08266        31       640    0.4799    0.2203    0.1919   0.07384   0.07083   0.01086   0.03072
      5/99     8.44G   0.04626  0.009873    0.0206   0.07674        34       640    0.4789    0.3281    0.2559    0.1062    0.0694    0.0105   0.02747
      6/99     8.44G   0.04458  0.009796   0.01908   0.07345        38       640    0.5181    0.3246    0.3122      0.14   0.06788   0.01019   0.02535
      7/99     9.48G   0.04409  0.009938   0.01778   0.07181        31       640    0.6135    0.3777    0.3558     0.162   0.06507   0.01031    0.0252
      8/99     9.48G   0.04277  0.009697   0.01634    0.0688        33       640    0.6544    0.3835    0.3856    0.1762   0.06611   0.00995   0.02383
      9/99     9.48G   0.04271   0.00982   0.01632   0.06885        42       640    0.5749    0.4119    0.3909    0.1789   0.06219   0.01033   0.02359
     10/99     9.48G   0.04261  0.009728   0.01547    0.0678        31       640    0.6265    0.3906    0.3908    0.1828   0.06493   0.01046    0.0241
     11/99     9.48G   0.04201  0.009589   0.01494   0.06653        38       640    0.6989     0.411    0.4275    0.1986   0.06223   0.01026   0.02326
     12/99     9.48G   0.04151  0.009632   0.01464   0.06578        44       640    0.5832    0.4465    0.4231    0.2003   0.06126   0.01039   0.02249
     13/99     9.48G   0.04151    0.0096   0.01408   0.06518        45       640    0.7289    0.4163    0.4575    0.2166   0.06267  0.009911   0.02292
     14/99     9.48G   0.04085  0.009404   0.01335   0.06361        29       640    0.7285    0.3944    0.4378    0.2138   0.06076   0.01053   0.02323
     15/99     9.48G   0.04064  0.009427   0.01302   0.06309        40       640    0.7009      0.46    0.4915    0.2467    0.0616  0.009864   0.02168
     16/99     9.48G   0.04028   0.00937   0.01269   0.06235        37       640    0.6836    0.4646    0.4919      0.25   0.06227  0.009829   0.02137
     17/99     9.48G   0.03988  0.009196   0.01178   0.06085        44       640    0.7393    0.4603    0.5061    0.2522   0.05998  0.009888   0.02109
     18/99     9.48G   0.04005  0.009301   0.01182   0.06116        27       640    0.7204    0.4515    0.4976    0.2444    0.0585   0.01032   0.02129
     19/99     9.48G   0.03971  0.009254   0.01145   0.06041        28       640    0.7493    0.4493    0.4921      0.25   0.05952   0.01024   0.02122
     20/99     9.48G   0.03913  0.009188   0.01134   0.05966        34       640     0.708    0.5176    0.5276    0.2773   0.06152  0.009537   0.02036
     21/99     9.48G   0.03815  0.009154   0.01037   0.05767        26       640    0.7003    0.5259    0.5274    0.2741   0.05802   0.01007   0.02016
     22/99     9.48G    0.0384  0.009014   0.01037   0.05778        39       640    0.7268    0.4893    0.5179    0.2704   0.05992  0.009799   0.02028
     23/99     9.48G   0.03824  0.009082   0.01028    0.0576        42       640      0.67    0.4988    0.5173    0.2667   0.06076  0.009735   0.02057
     24/99     9.48G    0.0383  0.009064   0.01019   0.05756        41       640    0.7334    0.4919    0.5474    0.2853   0.06009  0.009566    0.0199
     25/99     9.48G    0.0381  0.009064  0.009944   0.05711        52       640     0.763    0.5068    0.5422    0.2852   0.05761   0.01007   0.01999
     26/99     9.48G   0.03757  0.008979  0.009469   0.05602        41       640    0.7227    0.5001    0.5423    0.2913   0.05846  0.009917   0.01946
     27/99     9.48G    0.0369  0.008902  0.009114   0.05492        45       640    0.7471    0.5305     0.549    0.2901   0.05828  0.009703   0.01978
     28/99     9.48G   0.03763  0.008939   0.00959   0.05616        23       640    0.7448    0.5328    0.5558    0.2965   0.05855  0.009645   0.01976
     29/99     9.48G   0.03735   0.00885   0.00916   0.05536        20       640    0.7371    0.5401     0.565    0.3048   0.05802  0.009617   0.02015
     30/99     9.48G   0.03704  0.008805  0.008928   0.05477        35       640    0.7711    0.5503    0.5857    0.3159   0.05861  0.009422   0.01911
     31/99     9.48G   0.03585  0.008663  0.008323   0.05284        36       640    0.7685    0.5558    0.5807    0.3093   0.05655   0.00954   0.01833
     32/99     9.48G   0.03629  0.008687   0.00841   0.05339        36       640    0.7595    0.5548    0.5867    0.3182   0.05813  0.009477   0.01882
     33/99     9.48G   0.03624  0.008777   0.00883   0.05385        55       640     0.778    0.5324    0.5814    0.3185   0.05725  0.009507   0.01936
     34/99     9.48G   0.03601  0.008644    0.0082   0.05286        41       640    0.7898    0.5498    0.5958    0.3256   0.05745  0.009427   0.01837
     35/99     9.48G   0.03557  0.008489  0.007955   0.05201        49       640    0.7973    0.5493     0.592    0.3244    0.0555  0.009635   0.01817
     36/99     9.48G   0.03588  0.008645  0.008037   0.05256        45       640    0.7669    0.5713    0.5991    0.3257   0.05696  0.009577   0.01838
     37/99     9.48G   0.03522  0.008426  0.007354     0.051        53       640    0.7787    0.5663    0.6038    0.3333   0.05583  0.009687   0.01762
     38/99     9.48G   0.03569  0.008608  0.007531   0.05183        48       640    0.8028    0.5542    0.6039    0.3363   0.05717  0.009541   0.01804
     39/99     9.48G   0.03562  0.008587  0.007654   0.05186        31       640    0.8099     0.574    0.6126     0.342   0.05625  0.009409   0.01831
     40/99     9.48G   0.03484  0.008572  0.007066   0.05048        43       640    0.7927     0.568    0.6054     0.337   0.05589  0.009498   0.01838
     41/99     9.48G   0.03508  0.008406  0.007224   0.05071        27       640    0.8104    0.5728    0.6104    0.3368   0.05569  0.009479    0.0183
     42/99     9.48G   0.03459  0.008375  0.007179   0.05014        32       640    0.7976    0.5701    0.6157    0.3499   0.05522  0.009565   0.01728
     43/99     9.48G   0.03408   0.00842   0.00666   0.04916        46       640    0.8181    0.5688    0.6162    0.3457   0.05476  0.009551   0.01764
     44/99     9.48G   0.03361  0.008262  0.006864   0.04873        26       640    0.7984    0.5867    0.6251    0.3535   0.05337   0.00962   0.01722
     45/99     9.48G   0.03389  0.008315  0.006487    0.0487        36       640    0.8101    0.5846    0.6248     0.357   0.05287  0.009652   0.01708
     46/99     9.48G   0.03381  0.008296  0.006467   0.04857        33       640    0.8357    0.5639    0.6265    0.3563   0.05319  0.009578    0.0172
     47/99     9.48G   0.03374  0.008183  0.006168   0.04809        28       640    0.8456    0.5807     0.636    0.3622   0.05461  0.009486   0.01628
     48/99     9.48G   0.03359  0.008191   0.00615   0.04793        38       640    0.8252    0.5881    0.6381    0.3611   0.05321    0.0096   0.01644
     49/99     9.48G   0.03272  0.008096  0.006113   0.04693        44       640    0.8209    0.5871    0.6334    0.3653   0.05233  0.009661   0.01661
     50/99     9.48G   0.03257  0.008169  0.005835   0.04657        37       640      0.83    0.5777    0.6385    0.3682   0.05283  0.009582   0.01624
     51/99     9.48G   0.03311  0.008082   0.00568   0.04687        31       640    0.7736    0.6073    0.6357    0.3666   0.05296  0.009593   0.01642
     52/99     9.48G   0.03273  0.008133  0.005635    0.0465        21       640     0.817    0.5936    0.6387     0.365    0.0526  0.009474   0.01668
     53/99     9.48G   0.03264  0.008023  0.005807   0.04647        22       640    0.8141    0.6064    0.6416    0.3698   0.05124  0.009614    0.0163
     54/99     9.48G   0.03183  0.007882   0.00548   0.04519        32       640     0.817    0.6003      0.64    0.3671   0.05021  0.009691    0.0163
     55/99     9.48G    0.0323  0.007977  0.005401   0.04568        30       640    0.7806    0.6292    0.6484    0.3712   0.05054  0.009682   0.01676
     56/99     9.48G   0.03165   0.00786  0.005495     0.045        37       640     0.817    0.6081    0.6431    0.3742   0.05017  0.009761   0.01607
     57/99     9.48G   0.03149  0.007864  0.004988   0.04434        46       640    0.8246    0.6096    0.6506    0.3768   0.05056  0.009778   0.01622
     58/99     9.48G   0.03129  0.007817  0.004915   0.04402        26       640    0.8229    0.6114    0.6547    0.3802   0.05104  0.009715   0.01625
     59/99     9.48G    0.0312  0.007781  0.005075   0.04406        64       640     0.833     0.605     0.648    0.3789   0.05078   0.00974   0.01604
     60/99     9.48G   0.03114  0.007816  0.004985   0.04394        38       640    0.7964    0.6191    0.6537    0.3791   0.05066  0.009682   0.01591
     61/99     9.48G    0.0307  0.007745  0.004483   0.04293        48       640    0.7472    0.6439    0.6591    0.3855   0.05026  0.009659   0.01565
     62/99     9.48G   0.03067   0.00762  0.004526   0.04281        32       640    0.8275    0.6105    0.6547    0.3804   0.04995  0.009605   0.01603
     63/99     9.48G   0.03007  0.007581  0.004228   0.04188        33       640    0.8226    0.6075    0.6555     0.384   0.05036  0.009607   0.01612
     64/99     9.48G   0.03029  0.007757  0.004588   0.04263        52       640    0.7821    0.6217    0.6519    0.3863   0.05015  0.009703   0.01577
     65/99     9.48G   0.02996  0.007523  0.004402   0.04189        28       640    0.8188     0.609    0.6552     0.388   0.04993  0.009689   0.01563
     66/99     9.48G   0.02992  0.007546  0.004263   0.04172        54       640    0.8245    0.6094    0.6573    0.3861    0.0495  0.009747   0.01557
     67/99     9.48G      0.03  0.007535  0.004099   0.04163        49       640    0.8135    0.6146    0.6591    0.3893   0.04959  0.009772   0.01558
     68/99     9.48G   0.02926  0.007486  0.004008   0.04075        54       640    0.7482    0.6228    0.6616    0.3889   0.04916  0.009856   0.01551
     69/99     9.48G   0.02923  0.007386  0.003922   0.04054        42       640    0.8307     0.603    0.6616    0.3878   0.04872  0.009867   0.01544
     70/99     9.48G   0.02922  0.007434  0.003732   0.04038        44       640     0.785    0.6032    0.6628    0.3897   0.04871   0.00981   0.01553
     71/99     9.48G   0.02869  0.007342  0.003955   0.03998        46       640    0.7846    0.6102    0.6595    0.3884   0.04905  0.009765    0.0154
     72/99     9.48G   0.02892  0.007279  0.003802      0.04        37       640    0.7603    0.6182    0.6607    0.3945   0.04877  0.009769   0.01545
     73/99     9.48G    0.0282  0.007267   0.00361   0.03908        22       640    0.7422    0.6326    0.6641    0.3939   0.04879  0.009821   0.01541
     74/99     9.48G   0.02867   0.00728  0.003719   0.03967        23       640    0.7573    0.6244     0.661    0.3929   0.04844  0.009833    0.0153
     75/99     9.48G   0.02828  0.007167  0.003639   0.03909        47       640    0.7452    0.6373    0.6639    0.3939   0.04824  0.009885   0.01526
     76/99     9.48G   0.02831  0.007289  0.003658   0.03925        49       640    0.7429    0.6329    0.6675    0.3969   0.04806  0.009903   0.01516
     77/99     9.48G   0.02784  0.007115  0.003499   0.03845        51       640     0.779    0.6198    0.6677    0.3984     0.048  0.009931   0.01523
     78/99     9.48G   0.02753  0.007118  0.003678   0.03833        32       640    0.7424    0.6333    0.6652    0.3964   0.04802  0.009914   0.01513
     79/99     9.48G   0.02759  0.007045  0.003401   0.03803        39       640    0.7661    0.6247    0.6666    0.3963   0.04796    0.0099   0.01506
     80/99     9.48G   0.02735  0.007045  0.003406    0.0378        27       640    0.8459    0.6103    0.6675    0.3962   0.04798  0.009905    0.0151
     81/99     9.48G   0.02743  0.007143  0.003523    0.0381        61       640    0.6869    0.6398    0.6669    0.3972   0.04775  0.009923   0.01506
     82/99     9.48G   0.02733  0.007046  0.003419    0.0378        46       640    0.6754    0.6476    0.6655    0.3971   0.04747  0.009988   0.01478
     83/99     9.48G   0.02718  0.007065  0.003425   0.03767        33       640    0.7622    0.6225    0.6657    0.3975   0.04739   0.01006   0.01483
     84/99     9.48G   0.02678  0.006936  0.003054   0.03677        40       640    0.6915    0.6402    0.6671    0.3975   0.04745   0.01006   0.01491
     85/99     9.48G   0.02644   0.00686    0.0031    0.0364        27       640    0.7598    0.6226    0.6664    0.3982   0.04739   0.01006   0.01501
     86/99     9.48G   0.02633  0.006986     0.003   0.03632        44       640    0.7541    0.6263     0.665    0.3966   0.04742   0.01005   0.01504
     87/99     9.48G   0.02667  0.006838  0.003115   0.03662        39       640    0.6944    0.6313    0.6657    0.3987   0.04738   0.01007   0.01501
     88/99     9.48G   0.02646   0.00683  0.003051   0.03634        32       640    0.7642     0.623    0.6665    0.3993   0.04722   0.01012   0.01498
     89/99     9.48G   0.02647  0.006813  0.003101   0.03638        53       640    0.7066    0.6288    0.6683    0.3989   0.04722   0.01014   0.01496
     90/99     9.48G   0.02614  0.006888  0.002984   0.03601        42       640    0.7097    0.6283    0.6676    0.3985   0.04729   0.01014   0.01502
     91/99     9.48G   0.02589  0.006794  0.002953   0.03564        45       640    0.7631    0.6281    0.6681    0.3989   0.04735   0.01012   0.01505
     92/99     9.48G   0.02626  0.006725  0.002908    0.0359        27       640     0.756    0.6325    0.6685    0.3995   0.04734   0.01013    0.0151
     93/99     9.48G   0.02595  0.006899  0.002986   0.03583        44       640    0.7007    0.6353    0.6679       0.4   0.04738   0.01013   0.01517
     94/99     9.48G   0.02618  0.006682  0.002937    0.0358        43       640    0.7707    0.6244    0.6679       0.4    0.0474   0.01013   0.01524
     95/99     9.48G   0.02583  0.006785  0.002786    0.0354        74       640      0.71    0.6294    0.6686       0.4   0.04734   0.01014   0.01528
     96/99     9.48G   0.02605  0.006775  0.002878    0.0357        33       640    0.7042    0.6332    0.6691    0.4009   0.04728   0.01016   0.01528
     97/99     9.48G   0.02554  0.006715  0.002868   0.03513        50       640    0.7109    0.6264    0.6691    0.4006   0.04723   0.01018   0.01525
     98/99     9.48G   0.02545  0.006834  0.002871   0.03516        50       640    0.7194     0.624    0.6687    0.4001   0.04725   0.01019   0.01525
     99/99     9.48G   0.02542  0.006626  0.002629   0.03468        29       640    0.7165    0.6266    0.6692     0.401   0.04722   0.01019   0.01521
